408707500
220657875
250097584
255764167
231841541
287377791
279723292
277968250
322963125
321833875
373692583
396879084
421209250
491640125
525574334
570951875
514392875
541666542
588790625
627751584
657699750
646684958
694843833
695325667
751312750
759552334
802639083
815387375
899650875
898622292
1007259958
1038780333
1008743708
1073298209
1080069708
1120414041
1153426250
1214443583
1296897208
1235999125
1276931250
1351856250
1341570916
1617437459
1413861917
1411618416
1474739000
1508192875
1518626292
1549633333
1582354333
1619239042
1635921667
1703139875
1773038041
1713862375
1783827458
1812897250
1851487875
1888988583
2059091500
1923852209
1956384708
2008455000
2028274292
2099928042
2104718292
2052908833
2174354583
2176222334
2199100917
2274586375
2351762250
2320083625
2406430750
2460131167
2435467291
2466170500
2559112333
2540705459
2537079584
2620354833
2746323292
2565761667
2681672458
2762259666
2812061042
2799952333
2810025125
3040701167
2999608167
2964886166
3047510041
2982813667
3119707250
3079388250
3060079417
3106893542
3092640416
3175560042
3242314500
3241570875
3415354375
3484170042
3354574667
3355791209
3493211708
3446615500
3471492750
3525577125
3495364083
3609350666
3660721958
3563721333
3604291208
3662200875
3729601334
3748708333
3847371958
3870795791
3933149583
3917737625
3919210583
3963897250
4018725292
4001995209
4022051125
4123406709
4137523792
4273150459
4265923291
4383350125
4593900375
4692110375
4718767375
4884310542
4512528792
4528819208
4818588250
4712517750
4882896583
4756548375
4990511833
4938764875
5077551208
5131517125
5193037042
5147153083
5100255834
5227267709
5387780375
5228898000
5275084958
5304522750
5600966917
5454666542
5414427666
5533694333
5622464792
5621075084
5612671208
5730947209
5676514458
5782570875
5893192834
5948061750
5925806500
5978922916
6066699458
6051723667
6128017708
6199412250
6253347750
6318997458
6266413792
6260691084
6342133583
6449862125
6466105292
6492503916
6508620750
6613220833
6563987291
6634354292
6697366250
6785649084
6761605334
6811738916
6880327625
6905036750
6976999583
6999191625
7002114917
7163895083
7066171041
7170431500
7231363917
7244015250
7322805125
7368116417
7401581250
7424737125
7464894542
7472464583
7588084417
7889289250
7783436208
8042660000
8260205667
7986313375
8058563584
7890993417
8088594583
8062783083
8076323625
8061667833
8073623500
8180972250
8130010667
8154345709
8220117584
8366481333
8338027167
8390370500
8423851542
8490582500
8513793791
8563445042
8655410584
8665692583
8686958792
8725904625
8763165542
9420495333
9139852833
9070404083
8936112417
8954896791
8940995459
9133851292
9181216375
9138273958
9173991083
9159148584
9264703042
9286420000
9388370875
9394009791
9428633000
9494501083
9482553958
9625724916
9557809166
9685540042
9726195167
9699348250
9719998167
9864058250
9791621375
9891146417
9920642875
10007554459
10149593625
10060730042
10312932625
10117422209
10239563166
10324869792
10249054583
10260407083
10271824375
10323009500
10340017458
10409011292
10456455333
10554815000
10584977875
10644487958
10725387458
10717796125
10712749000
10754001250
10817731250
10897394792
10865010333
11018804333
11048198666
11215373041
11090514583
11131314375
12186780250
11632778959
11357017875
11488922625
11698857125
11655987750
11792551542
11968070542
12462925667
11877087792
11964858292
11996026292
11922648583
12028798417
12215284209
12138378166
12108693667
12285964166
12192039959
12257487292
12264660416
12335982709
12413225542
12439378292
12523683709
12558948667
12529618250
12472846416
12779607917
12611226708
12677087500
12614264666
12859756917
12991192291
12989191459
13049358833
13017483042
13303693416
13048307166
13042443125
13141141084
13214111125
13280610208
13433040083
13382065000
13440002375
13564837875
13555583542
13501062292
13731362291
13823803083
13734767250
13610646792
13783056209
13837501542
13993157042
13941475959
13909590708
13888193709
14227186250
14045530416
14265922875
14264819334
14260351208
14213654333
14177399583
14367027917
14562178750
14418113083
14552737208
14584195083
14615231667
14701199375
14706303375
14812013708
14954207125
15078869500
15090966084
15093366042
15097707125
15361247417
15105258125
15190028250
15219682375
15225649209
15237106583
15283684834
15597458750
15950519167
15596796459
15487431708
15816878291
15737313125
15653680792
15600539250
15626316625
15697872625
15819035708
15849696875
15994878000
16031489709
16444351667
16157662625
16179797000
16346582792
16267544666
16485995250
16509022625
16281858000
16823005375
16689569125
16585445584
16472140791
16670177417
16740725041
16727161750
16804634167
16753543458
16793191000
16902746708
17247515958
16900975292
16954455417
17019400958
17190102042
17129651084
17310044625
17457169958
17490520750
17729875125
17545396167
17523216625
17565169459
17577398292
17732080708
17761704000
17926864875
18131208458
17715948834
17826208875
17942178916
18354719833
18418027625
18485753958
18516330000
18330337333
18462641292
18585075417
18486305334
18656750625
18709961208
18687478000
18688248458
18907240209
19012918209
18901305709
18971824000
19018417584
19355170666
19080137458
19385735000
19289881750
19134392625
19382260417
19541650708
19457692750
19736931500
19750446125
19552870583
19681449750
19652360625
19878972250
19805143000
19844142708
20096070292
20142464042
19891631125
19892052833
20146621334
20009467750
20068768458
20242543250
20212624209
20167128916
20577746458
20266744166
21470602834
21860423625
21872134250
21897338083
22115586917
21445020458
21404716208
21357729542
21582567208
21642905417
21570737042
22327308125
21041584917
20810348750
20788437000
20916651209
20857791833
20787318792
21134042958
20968819792
21144907708
21176406917
21095049833
21136804708
21177999750
21338489875
21282356167
21566667291
21450699334
21411206459
21489665875
21910115667
25596663459
21788378958
22018078833
21966038334
21893023375
22272091792
21997611625
22130233459
22331681833
22226665417
22369451750
22486784167
22362914500
22694185750
22332214625
22558651125
22564926250
22580416625
22693211833
22550846708
22549072000
22674891250
22823104542
22660957208
22831883333
22800147708
23288030083
23010805459
23006892542
23095149000
23209097500
23098637209
23160289666
