348614834
96767250
99349833
89525917
86758583
77659000
74176792
81782042
74957750
67896083
68642583
64370042
71353750
77888000
92523541
60759583
58893083
66155833
69913708
61551958
62636458
69786083
62161208
63610125
69929459
63286416
70365541
58611833
61086209
61142833
62345083
60763542
69810167
66034125
69740916
60446292
58818125
59657542
61490000
57128375
61177667
59409584
60444708
58793833
69188250
58847959
59934500
59165042
60631000
59270375
60794792
58531834
58982167
66524666
60843625
67744625
61499667
66429042
58023541
64627125
67223708
57738584
60864958
59319792
60741250
61441042
60093542
61142792
58417917
59694334
68785250
60661792
67597208
59413334
66092208
59975583
67305667
60889875
66533250
60182917
57968625
62505125
61303333
59684042
62111500
59015750
59572958
62527417
64629208
61992542
74041333
59921583
61785000
75178417
295806791
118952833
69922291
89705875
69899041
69891333
67830125
66014875
65682917
64855791
62203041
62491083
66433041
64295708
74562791
153309375
45666208
48494292
62431917
47628375
44044292
40230708
39067333
47387667
40092416
40690667
39403084
40892792
39092583
41899917
47423209
39043334
52439416
40038000
41302916
42581000
40658583
40046000
40514333
49747166
41619042
55111167
38826334
40457583
39512375
40104708
41635167
42797958
38239250
41185917
39062583
38052417
47845958
40373250
47128250
38328708
48594500
38369958
40546833
38860125
37805625
39702542
38751125
40786000
38726625
40010708
37939083
39366625
44816833
39566417
40283459
40196916
39543667
38287750
38901750
44975167
39494500
46727750
39277333
39129416
39234750
39399125
42475792
38739416
38876209
39020292
39645500
38152500
38226833
37983334
38961250
38499834
39873625
38178250
38774791
37562083
41052250
39329000
39272458
46426083
38766209
39868750
39000333
39643292
44969500
39279708
40007083
39877167
47057292
37623667
45028917
42650458
46624708
39960833
44912459
40384625
46931042
39533833
39667208
39022083
44716875
38052375
38889416
38738458
39399875
40927667
37926792
39125000
43758833
43751625
44992250
52759667
44770375
44147500
45254250
48675708
52433292
44308125
50749292
45726542
45310209
44011167
48388833
57452458
58620875
58758334
68839917
57655584
66611750
60985084
68156416
62736125
64105708
64017625
61024250
73481542
66693500
65702959
60079250
61587125
70820708
63514458
55520500
54795709
64760875
53484917
54700875
62976833
53882542
56033042
56715084
65028458
56619875
56183166
63880375
55583584
56095041
61559916
57252917
55593125
54129833
65464041
54645375
55391208
63946583
57338375
55901125
57228792
54564875
52476000
55653667
62314958
54438958
56050250
62607000
56680084
53912375
61383375
61767792
56849708
56749833
63086250
55364208
55608125
57612542
63358042
55682708
55536375
63971083
56489166
57356458
57120833
64789708
54843708
62904208
61539958
55988875
54746542
56852166
62484625
55603500
56422917
55344542
57876792
55302958
57238042
62269833
54838833
57560667
54256000
63011750
54850292
54616750
63104542
54192333
55857792
53902792
65461125
54418292
55051333
56436916
65473459
56837833
55115791
62223083
56059709
59097250
55713292
64940209
60712209
55123916
55759042
63122125
60942875
55715000
53042917
63057834
54474625
54816958
58024750
63837959
57382917
57673084
57047000
62265833
56092125
62224958
55845666
63046417
62577042
55016875
55425792
54089500
64464750
55043209
55560709
58800833
64184208
57070375
55132584
55670625
62903542
57295667
55354500
53170167
63060750
59791291
55669208
55164833
58008708
62810917
54438625
55482875
54844250
64446542
55470166
54807291
54500042
63021417
55435792
58764709
56369458
60727084
56617334
54697292
54789000
61564333
55990833
56142875
56867334
60405541
55035750
55945750
55932416
61997834
55838083
57525959
56142666
62662084
52813000
48014917
61736875
55464459
57094291
55134583
55416917
70684875
57049375
54412125
55072041
63333750
57330458
55750041
59984917
69836417
68294458
59348667
58938208
60140417
61005375
68097459
70690334
60453541
59177792
59438666
66552959
65788709
58545292
57780542
57644667
65519917
69113333
58836750
58729583
59402417
58389458
64758750
59682917
56526833
58906000
57843708
65657500
69653250
58566750
57314417
57692125
59782584
68426291
58160750
59314875
58666666
57483166
67831875
57786875
58762667
58335208
58033417
71348167
67590875
58038375
59498292
58777166
66503083
64355000
59621208
61077541
62657333
59412166
68495917
71247875
60106833
58690250
62136625
61000333
61881250
61071708
62902625
71622584
70511250
62818208
61897458
66036625
62161250
60997250
69251417
61200583
61847667
59945709
63488750
70656875
68386333
61929333
60843250
61145791
63511125
69424250
61209917
61007750
62007875
61411416
60972834
71877375
61522833
62322125
62590000
62197125
69013292
68385042
61554042
61370583
61574916
61039834
71198500
60838208
62213375
62460667
67057917
62959917
62450792
61336125
60900083
67906000
71403833
59518750
64776500
63326167
63814000
61058500
71879416
68128709
62220542
60456292
60201666
62076166
59379500
69366417
75448125
60705125
61615459
63230708
62029416
62991042
61082000
72554334
71181750
70281417
60729458
61246375
62254125
60281583
61170375
61462458
71641667
61577958
64693542
62298000
68927834
63792583
62109417
70078583
59926167
60902500
60156708
61777917
60631250
62965208
64722208
61637583
60523708
63098500
59683959
60967792
60557875
64082292
60876292
60861042
62790542
60397208
62844875
62772125
62277458
63360125
61984208
65550791
66790125
63278875
61085625
61227250
61040666
67892458
62593875
62543750
62168708
61535667
59703125
71422375
71949916
67989084
69796959
71410917
75082250
69075750
64034375
60124959
61157333
62559458
60927958
62709959
65610625
61581458
70643292
70329417
72358708
71362416
61322709
64341333
61989792
62083542
69967000
67052917
70913667
61748041
62174167
69185708
69840917
61698667
60137125
72229250
62219291
66132666
70750375
62047583
61103791
82365500
61719500
60906583
60212875
62517000
62586375
61762584
59286959
62142083
60652875
61688292
62244250
60653167
60839834
66143708
69833958
69923375
60279875
64909625
61025916
60245667
61510583
61555875
73903583
67938875
59520459
59498500
59510541
61566958
60775708
70454750
70055709
60134625
61233333
61988250
63552667
62614417
72285625
67491250
66939833
60524458
61854459
61143000
62531708
62439125
62550417
61809167
71474125
68308042
68506667
60740625
62237000
59586083
62509833
66631167
61943250
61809625
68184375
73994375
70643042
61535041
61580458
60665875
60957625
61530667
61015083
62870917
66805292
67661792
60459042
61523791
61908708
60360458
63223833
60788125
67756625
61795416
67843250
67670834
76590917
61753750
61589458
61262833
61262167
61137958
59515125
61793208
61752666
68239750
66811875
71697416
60816333
62704666
60046583
63085625
62654375
62265833
60454208
60502166
61978250
63286917
59485750
67738750
67916375
68734542
68976833
60115708
61622417
59814583
64767375
61997292
60298417
61772291
61475250
62748209
63935833
61244625
61357541
62725125
61740625
61091375
61296334
62040500
60581625
60295750
62270917
71565625
69517000
70004166
75898459
68028084
68723666
67577958
69676333
68957333
71365834
69131333
68903375
70832417
67910542
69334458
67996500
66876542
68495959
67482375
69354500
72056917
72390292
70481708
68006708
68309292
67247625
69128042
70297333
68526792
68021208
61705792
73786417
63098125
63124167
76122709
64231250
66591583
61883917
70507333
69304750
63688750
61576667
62129875
61591709
62507541
60262166
77001708
61362750
69276250
69298209
62086959
69039334
60328542
62523958
77421375
63204875
60035000
60260834
67120375
60807917
62863958
60897042
62935333
74797000
67114209
67238000
65186416
61773541
62214167
61427042
61505208
68190917
72810167
74763417
61328041
62593667
67696417
61577667
62038917
62072000
68084583
69789917
60560333
63703917
61150917
62789000
59960834
68773125
70253500
61497792
61040042
61217792
63316250
66187417
68829750
61835916
64671667
60875791
61834916
60639667
68353458
67564166
64193666
61951750
61115708
61775084
59465833
66160625
67755458
61708000
62535875
63412125
61310167
61857625
60244208
70424625
70575250
60662750
61922541
60623375
62337292
62387500
67368708
69493833
60730125
60751792
62451833
62739917
60565250
70135583
67734625
61839542
61074542
58919166
61567250
72192208
68190500
61162542
60537375
60801958
61265166
61142333
67655334
72428625
61563833
60783167
60944083
66025500
59759583
65176000
69060333
71143291
61350625
61924583
59967875
62592375
60177417
70116334
72846459
62778208
61927958
60792000
61381959
61933083
62217083
68214833
70081958
61383667
63011042
63188708
59887334
60542417
60317041
68170625
68835333
61949875
61577333
59280083
60096792
60667125
59539125
65782042
68829125
60579041
63886375
61992083
60228375
61043291
59886000
69197333
66875459
59290166
60359792
59890042
60562583
60752708
60750083
67510875
67879334
67704041
59927292
59237167
60883459
60646083
60183375
61360834
60830875
66904083
69747084
60238416
60178291
62272209
60285500
65671958
59646458
59824000
67923375
69465333
59390875
62603041
59623417
60827667
62724125
59906041
59532834
67384584
68510542
59092667
59011000
60368958
60076791
62521208
59414583
65538042
66464500
69361542
60771667
61063750
60898625
59773500
59453083
60480083
68207459
68101125
67631708
63425417
61133375
61443375
61521959
61937833
60150750
59907625
61393334
68023708
67586125
69609083
72007792
72109958
65265375
65441083
73594625
66183083
68998792
62369250
62232708
69831000
67794541
82507083
63667709
59880166
62924292
61831875
62260542
61329833
62732166
60910917
61842042
62201750
62122292
63041083
61392208
61187417
60911625
60572833
60671958
60314458
61363666
62070750
61276292
60780459
60827042
62148375
62217125
61599333
61921625
62208833
61879625
61806750
61251417
61962209
61843666
60468542
61819042
59543041
60452875
61780125
60518208
61149000
61163958
63570584
61726958
60576958
62759667
61854667
62296042
61752500
63315583
60847917
62382041
62507708
61293209
62462375
61442209
59885667
59624667
59674583
65169459
61155625
61290959
60462208
61753292
61819792
62425333
60245542
59676458
61974167
62338166
62659208
60141250
61983500
62757792
61924167
61502334
61325750
63106209
66109375
62675125
62056916
59643167
62866125
60667084
60324583
61128792
61811667
62332667
61759667
62490958
63657958
68921875
71113375
69625417
69719208
72140167
68865291
70459833
70897458
70888208
68888458
70191708
72019208
71246292
62975416
62334292
61861583
61803292
62669958
62919917
62676459
63022583
57676000
61225083
70328667
71541709
67896833
68568542
67370375
62627167
62182667
63673667
62602291
69224167
70728167
67015791
66486625
62128084
68979458
69079500
69069208
62660125
63283209
70646875
69650167
61351125
61617416
68773083
66179375
62391875
62763500
71652625
63503000
63147541
63986167
75278416
61675666
63177541
74703417
70712667
65628625
76693500
63919750
71227792
63436125
64033500
61401333
65429208
67730792
68969541
62351959
73020959
62664333
67524458
73712333
72551291
71059500
67440750
62220000
61343625
61782833
63954041
60777959
61908708
62841500
62227667
62272750
63433625
63283375
62384166
63252541
63661917
62216208
61548625
63412250
62062250
63481875
61055250
62901083
62635500
61347250
62030500
62539625
63435416
62329000
62632458
63411209
61892500
61070042
63907500
65128292
62119458
61810792
62193750
62517875
66795250
63241584
69499541
67600833
61287167
63556000
63075166
63881042
61110375
63966583
63173834
64942375
60494750
63204250
65359500
67865250
65119875
61815166
61851792
61841542
61296792
66424167
61594542
64267584
63560250
60182292
62361292
74388041
66257625
61584708
62755500
63663583
63116042
69358541
61016667
62033375
64717167
61659834
64072167
64538625
62621792
61211708
62092958
62330125
60949875
61593000
61469750
62177500
62574750
62139625
63499958
61786709
62259042
61822125
65393792
62243125
61971958
61294292
63307250
62356125
63393667
61577500
61519958
60760167
62915708
61159458
69324250
61184958
60850084
61900625
65459542
62127292
65371042
60585584
64509583
61030208
60804083
65058375
62895792
62650625
61185541
63158416
63396375
62109958
62536833
82560959
61725125
69066458
62579333
62362584
61729167
61649250
68857375
60643292
67580708
64510041
60568500
61268750
64825417
71180375
79758916
65202459
62561250
71375416
60688375
75300958
64543666
63459917
63199250
62200792
68699000
68322500
61404167
64373667
62996084
63410167
63924167
61481500
70161625
60420416
63352208
61180250
68392500
61969625
72217917
65624875
70152417
63544333
60169209
63158709
63460541
67443083
66433791
61344000
64574875
60200375
62409208
66727667
62283000
61449917
61205750
66064625
62460208
66085167
60963333
61103042
59326750
69020625
63464500
66654541
65571375
60719292
63073875
60201708
63502125
62748208
60918292
63523333
61732042
62490875
62977750
65101000
65169792
62762000
64228666
64766708
63216667
61420250
64715541
62395416
61264333
62950083
61658833
64402583
62115792
62498459
61386375
60128417
61450667
59015333
63139250
61687459
60683667
62162333
63415000
63904916
65735375
72737583
64209584
64718042
74424708
74599750
64018459
72940500
64136750
66902042
60778792
73868834
72619500
66758625
62657875
64914708
64325250
65975500
71492833
61337041
60985084
61595375
71697833
62706750
61649583
60360959
65707333
63466292
61462209
61290375
59620250
60688708
66552416
70592000
73818584
62276750
61307584
62091000
62129250
62217000
62819083
61026083
65203208
61291542
62569250
63457084
63531791
62260917
61984875
65767417
62434667
63902291
62232709
60787125
60782791
63488625
61985542
61130625
62968875
65397625
64029500
73228625
60775791
62863125
62045750
64470333
61394875
59583708
61104667
69689291
69520625
63955000
63944958
63478208
61334375
62756958
63046000
62380917
59161416
60642000
67712000
63461625
66180541
71748375
64486083
61466750
61137000
61953584
72071458
68729208
66527292
65381750
61303375
63354542
61090625
72322750
61057167
73849750
61767750
62891667
62762750
61337917
66789834
62259708
62606625
63010792
63341333
62869709
71416083
68231417
63756292
62077708
72274791
63051958
70950291
63953958
60654833
61486000
64804791
65297667
65544209
62321833
64870708
61089042
63374125
61659458
69515458
64312000
56856417
56472125
56812291
55563916
57639375
55929583
55304125
58742666
62479583
66869916
61267500
61620875
63779209
62068875
63374333
67268625
70915292
65609500
63001125
63253459
67129916
64541375
65452333
66564958
65233542
64271500
65767250
64623166
65764166
64143875
64172500
63515209
60791667
58712792
60317417
60268333
60260834
58900375
59604834
59558334
60578083
57739084
52934917
52836083
64854292
67688708
59228083
58721250
60438958
61729375
67738084
59377000
60363000
64021000
59576667
60300292
61376000
61149500
63905792
60433708
58619708
63030042
63801875
59722375
62674792
62884375
65760459
66177417
67042625
67747917
63002083
57054667
56558542
58719750
61286750
61100083
59941500
57896458
59590500
60884916
68022125
58231042
60445875
63403292
58994042
60874333
60434792
63737791
72544625
69938833
67342000
66003250
55998958
64626709
57416208
67283333
57186250
62358750
69113250
58281500
65626834
69330208
66682041
62750458
67309542
68723458
70319125
71956125
68793125
68649125
67209167
64124875
63875250
58376375
46113791
43606959
41549292
48597292
50718209
43112292
41412917
42828084
42312208
41773125
46711167
41036541
44158833
42942000
43135666
42619583
42515208
44195000
41791166
41984125
42896334
42656750
43974542
44112667
46542417
43374083
42022334
44933458
43843500
43761250
44165375
43460250
41770709
43221916
43620292
43219958
44033541
45328917
46554375
44549667
41039875
41510541
44835458
40718000
42993709
48742541
68928625
65812000
68582583
69210792
68428292
67648667
66156833
67748917
67268292
63691708
63904917
64636709
72064709
69510250
70043667
66006209
63485583
65211625
63388000
63828125
64277625
66353292
61039250
65694125
64922625
63434500
61518292
64503000
64115250
62480959
64677208
61682083
60877041
66659667
64987292
64906666
67248125
69530042
66475458
67365916
66559167
67272292
63814209
77582708
62984041
65733708
71893125
65680000
68379375
66430250
66683250
68483292
65717709
64241583
76530166
73064291
66068000
70618125
75842667
66707916
71918708
67956541
67020375
64443166
66966667
64820000
73335209
65397833
65211125
62762875
63557042
66471834
66849959
62627667
71445542
69710917
67245750
65349417
64107875
74379250
63455458
61856375
64589291
63764459
62354666
71794791
63446708
64829125
68514958
65262000
66475167
67539333
65690375
61036042
64580333
72179750
71203125
66751000
68075542
66270125
61795042
64096208
64809166
65941000
60886125
55138625
50234833
44905417
43682584
48383875
48199084
57014250
42899708
46016250
60192334
41937042
48166833
41528584
66174500
74603083
61262000
54053750
55244209
54984625
53247000
52889417
60229875
72451958
66896291
64906625
69238083
69647833
66874666
63676417
59740042
60852541
61685833
60890334
57852792
60122958
61264333
62834000
62599958
64071875
62707542
76895167
64563459
67463625
64671250
53545833
51078167
52374958
74656167
73775959
82005250
77129584
69248500
67570834
62853000
61357791
59299250
62600125
63977916
65957916
60850334
64114625
64980791
67548666
63399083
62242333
65761167
76524125
65701458
49820250
51806167
46247000
67516458
63840584
65944250
61686833
70188833
57953500
53908250
53946833
56498708
67214000
65941583
56449958
59370292
59016167
56375042
67321750
68654709
63834541
64541167
68268250
67605542
73182083
78106125
68562000
74286334
52261416
53689417
50679583
53599083
55823459
62329458
68520292
63608542
72777417
64046375
56997792
54878333
63877584
54286125
71492250
50838875
55562166
52867250
55093209
60653125
59621958
52525125
53099666
55452375
76144125
76146750
70939792
70876917
59802709
55551208
56277583
57857125
56166208
63974916
72243834
70456458
71520084
73860208
74451000
77393542
78233334
69156750
70327916
65974916
67642833
67758791
64051541
64029250
66296625
67513583
66461666
69900292
65812250
66216125
66364958
67465500
63302333
64555625
67349083
67132000
66480375
72417833
78677750
65079708
73134000
76959875
67315834
67239750
66271042
74389250
75876166
73359833
81240583
65316583
62932875
66825541
64927125
59115000
46959583
55045500
54979667
60379417
55319875
47446958
48249708
47537750
58164541
61430750
63065917
66760583
66749834
65372334
66064583
65974625
67121708
65713708
66013250
69502833
65757250
65882125
74269000
74187625
69158833
68004334
60920292
58062000
57705542
65353875
79404333
80320875
68961916
69253291
60572791
58157208
56733583
73849000
77397333
66109500
69509250
67165875
68299583
68805750
107770250
63509375
66072125
63959250
63965458
60542709
57834375
58600542
56837959
57643375
57326458
60332167
59150709
61904250
62155834
61377292
61218459
63208291
61177959
62036166
64730625
55962375
54562375
55596833
61927417
61639709
62860541
62530500
64373750
62729208
63307958
63671459
59630750
55203125
54845459
54288250
54201208
56781292
55081750
53962917
55892041
54519834
62240875
67174583
68620459
50637167
55707291
56015458
50625417
64583250
63058708
63206958
63032375
61712333
63203500
61812625
63990917
56806167
51293125
53501166
51481125
63207417
64184750
66248250
65664541
65609209
76011292
65825417
65811750
65703875
62720916
60008583
55025375
56083917
63869500
56250958
60486083
63610875
63797291
70632250
72893750
62924917
63911417
63143875
63260958
54559042
53034667
52020292
52959750
52067750
54257625
63546042
64249500
63005958
62773375
62286750
64041875
59068209
57410125
57671042
65253292
65704417
66342708
75889125
65496083
69590792
74412250
72763542
60319000
56227458
55027292
63085041
59023333
56925333
55316083
55520542
56445333
57266125
58611084
56963500
56968708
55253500
64553375
57629125
59304541
67790625
64344541
55425291
53880042
62909125
62823292
62075708
61596333
62535583
61985875
59128000
57068541
52610000
53094458
54462833
53618625
59996542
61547416
64239709
61822500
55378958
47455000
48277375
47218000
56670416
62304666
59745458
59290208
60410583
57541958
48956958
48321584
48296167
51179500
49278625
45841875
41014375
41750042
40505041
55930375
55618584
52867333
53759875
52270250
53728292
59804833
57629791
59147667
53093667
52222500
52572375
52500916
54735542
52931375
55879292
52794125
52725250
52531708
56660792
58475292
58551875
52762625
52526458
54167916
53430292
51724250
52649166
53828416
53930583
56902875
58397959
56901708
53749292
53568875
52100542
53366500
52247125
52691834
52061291
58340583
58351416
53071833
50910083
52486167
60245333
59612417
61936834
61372458
70143084
68297292
62184792
55482000
56618666
54834042
55649375
55753125
55919958
56184875
55034833
55485250
54160833
55238084
62739583
60120208
61311167
62103125
61538167
61393750
54905667
59336542
55662583
54596958
56610334
56704291
59044125
51487708
46480209
44529583
45510541
45681125
47685625
56990500
57577167
64832583
66650667
57738958
57649083
53407334
38581166
37503542
39176000
40095583
54284833
62673250
54929750
55601708
62933250
52964792
55880083
55242375
56530917
42017792
51800917
44858334
43960625
63964083
59742791
60357583
54453250
53909542
60368084
48354958
46664792
46660166
46653125
44896666
40233417
38757000
38856125
40469583
38966459
39965291
40768375
39416375
33200500
21909458
23075166
20832625
21543917
22185042
52216000
66630166
66277250
61047917
58802250
60125583
53205166
31200209
36956875
29373792
29130750
30318458
29625375
37098667
36116583
30336958
38478000
31436833
32699542
32261459
32098167
32416792
37634417
31583083
30775208
33138042
36685167
35742917
35464375
39152208
28815750
29761750
28899208
28577500
28747541
33425792
28366750
28171458
28596417
27635084
26678292
25837833
24620500
25361625
29973833
26044833
32602792
27703958
28233417
28295458
33965584
28675834
27493375
28857250
30097458
31073292
30043083
30429167
29695875
29088541
44843583
49601375
45078209
42170375
55995042
61317709
58786167
61424625
60879833
66574000
61998000
61341792
59331542
65827542
68525167
59557709
61043959
62039084
58996250
58563042
58795500
61974500
67461125
59189541
58893167
57993333
54424583
62584042
62266167
56759208
56540292
54656375
57291458
55648709
56938375
58198167
59090083
58990542
60354209
64516292
58877125
51547666
51284916
59571250
49850959
51584084
50042417
51243333
50917458
49872125
50780959
51582916
49874917
50149500
61422542
50010791
52051042
50148709
49926625
49969625
50791250
52679458
51211833
52108625
50424625
55738708
54888292
52760291
59073125
50577875
59744667
58174167
54357042
59197416
60412250
70027542
61553583
67246041
60206709
65112417
65662167
66473375
66525667
67179291
65123750
65082875
58064125
58415458
61068166
59902458
60457625
57438125
58767959
64391167
54372792
56221666
47358875
56218541
54743666
55434208
49018500
48122292
51716250
58565875
50938625
29007125
28042334
28664000
34859458
26838833
28265875
29068125
51389708
55844125
58591667
55490667
57205583
55712917
59629583
62792584
59195500
52904583
39778834
56124209
51658167
52296333
55747708
59687333
53218000
50080875
60776958
55707667
56564166
57180583
63392250
58952125
63454458
63916250
56742542
60419125
58866250
62278042
63133750
59425542
55644250
56507375
56058458
67190667
70228292
41331541
42681417
53492125
46403459
52882708
51833958
45852042
59287625
48153250
57150542
1755375
