742767416125
659182981417
759189904000
1279552212125
3693292
8113500
93319921041
4556667
4184541
18165604875
673115708
7093002666
4492205250
5994492750
49104339291
65040265666
29551866292
31920605750
9207356083
19946631667
22745115000
24852274458
26099589625
27325183750
28320369000
32555282667
35941762250
37078774375
37729668667
38380983167
39153086708
40747991750
51326586417
52837913959
3386264167
4027256500
4452888166
4742725041
4982375000
5726254042
6008788584
6249648875
6495484167
6731819042
6973795334
7204647000
7493210083
7576564709
8154607583
9454421000
93917
7028084
8999083
69325934000
70163064500
70803983042
71227212500
71639099167
72047432500
72514529000
73048100083
73564174541
74057695917
74923001791
76863197958
81610840291
11198373416
13588207625
19891347084
22678056708
1306974458
13272836417
15214320583
16543384584
20048268125
21558302750
221849965708
222202013958
222525824333
222880424084
223209857917
223550654208
223943508709
224112379167
224616102083
225767162041
1107483333
2032432750
4124431167
89641778292
123892862250
126841219917
127659640792
128395387209
129183747500
129958374042
130682967208
131452783416
132434962250
137919201000
142555652000
147680998000
