195571625
80451416
84816500
65959625
52471541
59482667
37796917
41829250
35985209
36893167
54674500
40038334
49229167
38031166
36959166
37276250
38660917
37331792
35756875
40697792
37697459
41258208
57026875
49768792
60857583
53970250
49939375
53976333
42284250
49499041
43919458
59875167
44651042
42987916
49968000
45360167
52532916
47146709
53144416
45669292
42740083
58868000
47865458
65126916
51293125
66972084
51259708
64908708
57875292
49943833
58450334
47995583
69591166
53716000
65687500
48143000
68473791
55419166
66033666
58407834
67082125
60509958
53285875
66016917
55038583
74706791
57213542
73439000
60114709
72920041
57423125
73213375
57967667
73951500
60061708
79362875
60246834
73594250
59843834
73254750
63054708
74100459
65295416
64451500
69648083
71767375
71311083
57930750
70901875
59830000
84456875
85713792
81125083
76047375
78713000
100455500
82620042
70617500
76298917
68085709
78467083
69585291
63006209
86095291
62954125
81256000
70120500
61342041
81236750
66899084
58019375
79330458
66178333
65516917
74828500
66242583
80944458
74474583
66971667
82849709
70887250
85486416
73042333
66939791
78235709
68885542
83327959
76056625
93825458
86512500
105310125
121529750
95242333
90076292
126950084
111721208
128594791
118472792
128768583
87577708
130050417
138384583
139327500
126841750
121988791
144222375
126899125
96154583
83768958
97600000
84770917
92763250
80642833
99026334
93052875
95841166
90782500
92462792
92612209
90657500
86793125
91802792
84276500
98178084
87115334
94320416
86626791
94208958
85440500
95113375
85887041
92424041
85689792
90766541
81856959
93993666
86022208
92757000
86789292
95780250
85696416
95487334
86720167
93831333
86569875
95327333
92179209
105154750
87581625
102541291
85707375
99089459
87706583
102415292
89036084
101965750
87294334
103597667
88506209
104240708
88060750
102286208
90897083
101979875
88937000
100467834
91076500
100888292
92108000
104948375
90572959
104410167
89976416
105748875
89773750
104547000
92117750
108835083
92438875
104970625
90240750
107879208
89610292
105626333
92582000
109294666
91184542
109711041
93120250
100732792
93141792
99432333
95163916
102023292
93175167
103147625
98435083
105164750
97004084
106162166
90670709
104101125
94470000
110243125
95789542
109432750
98664125
109567292
96489292
112283875
95390417
111532459
98526416
113049916
96739875
111580042
101043291
107133584
95857458
110024792
95936916
114876792
100754625
111546792
99234416
109653375
96530792
109030375
109096292
108151292
107026084
109066417
120266875
110606875
118992250
117202000
124875125
112011166
117299833
105023917
113222083
104209042
117760666
103908042
121831458
101874167
115724833
102611459
116323834
101772625
113609459
96635250
112022375
105382375
112901000
100190917
116230959
104111875
124273667
109333958
119321375
109044042
120071750
107122417
113969000
86882916
115445459
102168459
116826917
103835875
113977166
107282125
114457250
101441291
115502625
102832500
115413750
118576792
121666708
142773083
122471875
118259750
116520542
121785709
116903291
124243542
125377584
121455458
129416291
114218834
118953750
111105125
113447500
107957250
119227958
109684833
123285667
131058875
136802125
152883042
144114750
119761250
108011833
120016375
108751334
118467125
117829334
119640917
128576333
109893458
117451750
109782833
116782916
107805750
119742667
108314459
119095084
119845041
123664500
126988709
113365417
122239125
109813750
117505667
107526250
117620334
107999041
112153375
119836708
112458625
125639792
143755208
117296167
113919959
143182750
134781375
113503917
130610500
113235625
118349458
113498250
123159334
140291167
116682459
128602625
119056792
131681084
143965500
125844333
137609500
123685375
134752541
131863917
125695791
139676084
116469041
143130250
120316250
122096000
126265625
153192791
140900291
120138958
125789791
121098041
126978417
151062000
147564250
162254042
125823125
134061292
128781917
149881250
123500667
125023458
147818542
126096458
133223166
150544417
130214833
149981584
130617541
143160625
122150792
127341833
120936583
156930125
117717375
129751375
149820750
122593000
128345666
129295583
149607291
114682000
126528042
143976292
122808625
155938500
122598375
134494542
159360584
139886459
172223125
130036916
153901292
122934166
131604625
132992834
128109584
135152666
124474166
132381292
126445375
133919959
143332750
129848208
137485000
130637167
131052292
125208000
130240792
155899917
138038333
146715958
169650458
135264125
126016708
131354333
151869208
141072083
151914625
218943125
183389958
139042041
132400500
145437833
124713750
135084042
121090375
131849250
143892417
132433667
136512541
122626875
130832167
123277750
129009541
139498791
129281958
141290792
123903875
125903500
122153625
125364791
134762583
124236625
123186042
119750292
128429791
123853209
120581041
130772250
121664209
124601083
116991500
122375709
139654833
122301209
122077666
122516084
127653750
144310000
125106958
137427958
131394000
137934833
124699500
132627000
143586417
129966792
135359750
130338375
137571208
135578083
130674958
151512041
136591959
139187000
131930875
144091375
157162084
141721917
156292042
144373750
145060167
152685125
145775500
154137917
138551541
142260667
133013417
147755542
162328625
139780209
144708000
140825417
155547167
154382084
147235084
154958375
146922333
151205875
141013292
146751625
708300416
588434208
235831291
208714125
606416125
209556834
212632458
218855042
227192958
197250417
165217042
176953209
186080709
162087500
185898875
181609208
155586916
165079250
148350084
155167625
154644875
147297708
152858042
177020583
157720667
169363291
143960625
147851584
147076958
151079792
156216208
144507875
145240875
801711000
146682583
167354875
138483250
141615625
163018917
135731750
142178959
142074292
142263208
148397959
139981708
143209625
161483542
142076334
144938834
135520958
146695125
153834292
138341375
136525375
157721375
137252667
141536500
131301916
131631833
136705167
134558666
173444459
157784500
141804208
158754208
140024042
148826542
145980709
162621667
166534916
153878333
155205042
164450334
181667458
185206458
148406166
149435333
166443083
145414166
146043166
157822667
144444417
144767500
158685458
184220500
168784584
155867208
148677250
157926666
153846042
150630666
147350959
169362500
166675292
156627584
186929334
167552708
159662292
157902250
153173709
147110500
153145292
141668000
148502166
145717709
151602750
174465333
172213625
144595916
145105583
142433583
159587000
638926125
154888750
181441042
138653791
151699417
135785833
145246125
158528750
141887708
144516625
147691583
146100750
157242792
141329875
144628542
133777875
142769084
153360084
138375041
144778041
135402083
139101667
142801416
132384292
132519625
126812208
135725291
143137417
127028584
130530416
129757333
144023041
150784125
145069292
154287375
137294000
144872583
142353625
157681333
168432375
137190000
145221417
134897917
142745750
150349000
140908083
140046666
132387083
142385791
147955083
134033250
142429042
129268500
139752958
151112000
133855667
132503208
166226208
144471625
144908708
134386000
132790167
136199166
143491375
157342125
141974458
150403417
139043625
148125583
156079667
151016500
157173666
141872083
149510167
156809625
150858750
160480666
135889791
155343791
152466166
145186541
156944750
155155084
153024792
153626042
163410708
158122625
152151458
155632000
160621667
140366958
160609541
154364167
154795584
158251625
144250292
155411500
138513375
149644084
159859042
147279333
162530917
149610541
160280625
164681833
150283583
164200208
154386750
153865125
158621958
149664667
158784250
148270250
147567334
152719083
145434791
156253958
145113375
161352958
151150667
161994542
158948625
150271625
158644542
157876209
157289959
161193584
153596125
152726500
151170667
154455458
165511916
153533959
153656208
148489792
157882916
167381625
155840125
153993791
150973042
157730958
172476500
147904292
149038208
150143084
155121458
161774333
150144167
157076292
144438791
160090208
157763041
154753833
167614083
145791167
153470917
160664334
148923375
159882083
149150791
255124250
178136125
158643459
163995000
147699750
152623084
159691166
150172084
155721583
140249125
145721291
158289542
146343792
155630917
141028542
144605417
147964666
140068083
149828708
140808334
144118625
153255709
140254542
149855334
133227583
139554709
146403708
131364791
145621166
132120291
143507875
169213334
152545667
162843667
149203167
161763083
159790333
158911542
164203875
150336917
158766125
159046333
156557083
165066917
146858208
163297792
167080792
154514875
164721125
154131666
167134833
164280750
153908083
164419333
147976458
153649708
147641459
150774625
152987208
144568833
146844291
140632292
154737375
169022000
161290250
155693250
142566959
152550292
168614416
150625667
157108083
147757500
154084084
166596833
158047000
159011208
150400375
169873625
176947542
160995167
155996916
157703417
159788167
166549125
151941916
160315250
146511125
161414333
160931500
151524083
158252959
153825708
160885459
347640708
157827875
157553542
148077667
156366875
163890333
147531292
155760791
157342125
148586250
155137209
159690000
153535416
152989917
149695166
158195875
146869500
150869459
158358084
152357584
157561333
142541166
151415583
151574958
144601209
144575458
181298625
144091458
152061250
142525583
146297334
141403458
145648042
159559667
146266375
149402917
133861542
146680292
158572041
147503708
142578750
138370834
146620208
161407792
140964291
140795083
137994375
145186541
171806750
150487209
155141791
143034250
149821584
161080917
152533375
156843375
147654166
149426583
157411542
145162917
154504834
141773250
151633625
159501125
146894375
146573791
138850541
147279166
155641292
140817542
152630917
142994083
154450958
158611375
149334250
150883000
150035125
153408417
159641125
150541583
153870250
143409833
153024084
174350916
156759083
160335625
154906083
154878542
161959333
158073833
163067833
155958375
153349833
164759250
147745708
151265791
169175333
154650917
164892375
166563500
168203958
175522833
159087500
165214875
162089625
154697958
168057042
150101125
150736834
165980625
147070958
159801708
157007500
148932875
165445667
149871834
159287292
177976333
163053667
162964333
158674166
166171417
166226792
140654125
159373583
170919958
172067500
175476667
166220333
174142167
182987459
168074875
176490458
178259333
726762792
230226833
204394083
187520459
204358709
197232917
208063292
364964458
332102917
200155416
308211625
181474667
304467583
302378542
262568208
171192208
172212292
383130250
164273792
172242875
153582709
155947125
171483667
150056791
156895500
153412084
159073917
166865250
148929167
154357375
158879166
148974084
146175292
142210500
144924333
151384084
141859250
151135959
159846541
144891292
143838459
136320084
140944583
153779625
137539958
145560667
155829916
142674542
141198250
134484083
141161542
157427750
137783625
142989291
142021666
138969875
146070375
134286625
145792292
148721167
136290917
142996291
147483292
137575750
145591250
137666667
139484500
154180041
139709042
137037666
142435125
138084792
151113292
135078375
141736625
152799125
139034416
141125917
139670250
134886917
143841667
138602375
145131917
156928375
138027209
142395459
144116083
141948208
150977709
139440500
139879541
156948542
136643667
142046166
154612834
141232125
136097916
135179208
141444292
148336042
141778750
143675708
154782333
138759542
141999916
136995083
143702875
148000709
141382666
144481500
157628125
144445458
144777666
142175417
141439833
150234584
134958875
145658583
157305709
142263084
142998708
135894333
144142833
147283834
132317292
147868583
214610708
159331709
141235208
135856458
141978708
152750958
140264042
144582375
152274042
141707000
145488334
135832625
144999167
156168291
146071708
146378542
155134917
141039375
142151000
137441417
147584292
149630333
145724333
147396250
155675958
144185750
141605334
135865500
140358291
142332000
139278083
143887959
150306708
144310084
143886208
134400875
143352500
147788792
141246042
145656250
156323042
143688417
142572417
140259500
143734375
152712000
144395625
148261917
155488792
150187709
148947458
145764792
150620542
155555375
152405125
157140542
159208875
152010084
149585500
147927583
151672375
157257542
146422209
158241041
165939166
147990792
144936833
140303750
141026875
151375458
141301625
151484459
156429958
151603833
151453083
145471417
145245084
155245500
152428958
158882959
169763375
157324833
153431042
145794042
154570291
163299209
150112041
151935708
165088916
152515125
153378166
147112375
153819500
162013875
145150667
159300667
164307042
161466458
159801208
152657833
158534833
176035458
154681958
169289667
173135000
153188584
158072458
154026000
149258709
164365417
146220958
154749541
158554583
151454208
150671625
157032625
149451375
165833792
151523917
158619333
165263500
314747916
158976250
162651833
157848375
166076792
155355250
163919625
164033750
160216250
157865583
169474417
154532208
156029541
148161042
154221250
156382458
165371500
160226209
165601750
148798459
149364458
144445334
152401750
150870000
148313292
148469875
158417416
162908292
165731958
188574125
173353250
173999334
165205125
161711167
179026750
165496167
170864583
167992833
166046708
170191583
154101125
157001208
170086167
152354666
153477792
147961041
146480917
151572667
138058916
142977917
151846000
141887166
147302292
147873250
139836583
151881375
139568834
148446875
160675416
144985000
152403208
156888333
151356417
154444125
142130292
151712209
166052625
151631917
153397625
154005542
145347209
162686917
150763083
157874875
163287250
151995750
149715166
152359917
146032667
167593666
167489333
164988708
179145375
167273292
166231166
165926958
175507167
177994625
160703416
165272167
176622708
174110209
164286834
168773542
165912333
174749334
161560917
163625667
180321542
166225875
192809625
288002542
211139083
169836500
173553125
170253833
173364417
171378667
167268000
170194375
179557583
167169250
163912666
174706333
167011000
182494250
334901833
285536209
197440000
166152292
165565958
179278916
171408334
178451959
167553000
174626125
178866792
170341458
172780500
175170500
166185917
162563250
152267167
160388875
165947375
159818250
168237250
175781542
169628917
172583292
165699500
173170500
187039959
172356166
187894042
202120125
187247041
179033417
189364042
181827334
189449042
170663416
180749208
179738083
173209250
185795458
174281875
175749041
179822875
159628459
166458458
157972958
163255625
174588583
175227833
201527916
184737792
181446292
161635667
196831375
199269250
184998291
181514042
205011042
189182250
198655208
212147292
200549083
186472584
207393750
202566958
183262500
187457166
189118208
191409542
196374292
183518958
193233791
178802792
190045000
180755042
145945000
146238084
136106417
194968375
202110375
181681917
189095041
202754792
191790709
188499541
197532000
181099375
181183791
192389250
193959083
186066917
187093167
396315333
206238584
198351834
178292875
191152750
206143708
193660000
191429166
203945333
189115750
197020583
207071375
188324125
185523542
306110083
253944875
204520833
176813458
187131875
198200958
185327167
181082416
184928875
180889125
189369584
180968250
185739875
200750667
178349625
195748917
202199542
192475083
192428334
198637459
180532750
180615375
201239750
176845041
174297875
187946125
171230625
162823291
289082375
182818042
159567250
161252000
185699959
182828208
172821625
167997834
179020583
154637208
140502083
151926042
128681750
132883625
121060333
132237167
114044917
126607667
119519750
133718375
119835750
133086500
118827292
122991875
120175083
118895917
120510916
118265958
119066583
117535917
127197167
110990375
348763541
265782416
148029791
300083708
133251792
302740916
210380208
136024417
281963250
160672500
273573208
161756958
239667667
162487167
159291958
166299708
158366042
170447417
172779708
171625083
296867208
183680209
190607709
174824375
186170084
201351459
204832375
224788750
222079417
210678750
207960375
225596041
204854417
220493958
213801666
363092875
208738375
219690875
196322292
223373417
192590750
175541459
186637708
185340541
967395125
182060417
188434875
170404416
167533709
177749375
164082834
163426833
176947458
160120750
160617791
158415458
150309291
151504625
152376416
153713709
159300250
153536750
164952083
165859667
168720000
160878917
164529375
180446708
163203625
166391791
178185625
176621875
176806542
193466916
169932250
183269125
182125541
189831042
172530916
175159917
189128958
171599792
167492042
176042250
169579833
170441333
185883833
187197625
192333208
205572042
187752958
195514083
191932125
205757917
193035875
193765750
199509667
189953875
190236083
205381458
196625250
185460917
212724708
180440375
188208042
212447250
199578458
188615500
206334209
188722875
195737000
202496541
191592541
214505959
209950375
199228083
203014042
210609125
208673959
209992875
201620875
213110042
185738125
201668417
212295667
200186792
198193500
204646000
188682208
189827250
194298375
186165916
199068541
180490042
184456083
191383500
184931459
187616459
169660666
176423042
162594708
173985708
151471708
155670041
149372042
176375583
195489042
156940875
151775625
145104834
144039125
147687959
134027917
149176083
179468792
162654959
166501042
191380042
180738417
157023250
163957291
222995125
206409875
209796416
187943625
189941875
192004583
184996750
189332625
190109875
184983167
189903833
196127334
180722750
182796375
179481500
183195167
166199958
179187042
193554917
200791375
203771416
202627000
199833667
193152834
179217667
187013000
176383083
178017084
190767875
173105250
179609459
183317542
178074167
179622625
180447250
189851208
194514917
196758000
186694375
166997250
159337708
157420000
164249958
169209625
161387667
165308875
181866458
161655958
169480584
279031792
291627417
229895458
207337667
178924542
189540083
164287208
171056084
178828917
165706000
178792250
178735125
177038792
178281791
191288667
179056000
183090791
177002125
173277208
155447458
156050000
141837791
143566667
158776333
153965000
155776333
152576166
157391416
153679125
140462917
140515375
134506958
137056083
144784958
134439709
139375792
142323041
135866667
140314459
130089542
137744250
143343167
158506916
160989541
160243250
158766792
147046917
148516834
134491125
148796916
147464833
147725667
158390625
167225791
153450542
158720125
143054667
152242750
149956250
161870708
185387542
146778250
155723708
153417125
151792375
147172709
150560875
152842125
145168458
151214583
151283250
150404250
147052459
152550292
151941625
141468166
145016958
154515750
144077208
148505000
156074208
141785167
144055542
160142167
151858333
150662375
153991458
153799333
138036916
136807667
144837125
132681042
140682042
148143750
140314750
132567416
130293958
119790083
125946041
118019792
124139708
115061625
125716500
127978916
140099708
145134459
152009625
147523334
152455625
150035625
144951417
148704417
154134125
156640583
147511458
155201416
161544625
162242833
158336875
162052791
165454292
158160875
144759375
141679625
144622750
139476958
162021958
168583458
166337459
160391459
156075916
155077292
146497125
162931125
176821000
170390291
191250166
200145375
162541875
160988709
172648041
151509417
160186666
154620291
165097250
153899541
146883583
157805208
138671584
153040500
155461750
139115250
154242209
161270833
145072500
151552125
151456958
156406917
139752334
139495958
144084167
137617792
138369334
142361000
144352500
155662666
159646917
152079542
158738334
184800792
179360083
172880375
208545042
175218917
173739083
161182208
171326875
172493459
172447625
195354875
267285083
157775375
168166209
166332208
161817959
159231417
144871708
153683042
151408791
175342625
163848292
192212250
160425458
170759792
163965833
161872333
176872458
167115417
160605625
151182125
153955459
169790250
167170416
172124750
165778583
172760167
170152084
171251250
164574208
167427333
161626000
160003291
160956333
148622084
165509666
154566625
169346500
170765916
174845791
168752958
162391584
175259083
165683167
166620250
156058959
162627750
142131792
159156792
144664250
156311541
149949916
161883958
176808375
173513666
175561750
162926625
177608875
158992333
160262792
152408833
158456542
148349542
165655125
178427125
171330458
177625709
167782625
175737708
165670666
170222083
161219834
158640709
168613083
163618708
168209541
155218291
178393375
170297250
183389583
165447125
177304084
159155167
179653250
179739500
191224750
182109792
178713625
176037916
165083417
184651500
181299834
183012750
173179042
178574417
179370125
187778459
177710541
171432542
189176292
170930042
177586875
426909417
213224834
188827667
172815541
181988500
172479584
179649583
161295333
175381167
168784875
183916333
219884208
244722458
179389500
178689458
176982667
175333083
183781834
177986083
179982000
160579417
163082292
154846625
176171792
188603750
157549042
170526375
153470292
163452083
153464500
163999875
145978833
152695792
143740625
156407750
142727958
151805000
137557541
154537792
138559958
152292250
134476209
148770750
134155375
143496125
136777750
145429542
141376792
151489291
137041375
148134958
138536916
148950167
139114916
160400625
139653583
162564375
149540458
162321583
151071250
157452500
154240958
160181333
173700708
189229041
170184750
190106416
184775792
188117333
177204917
180018875
175263916
181886666
178454958
175236459
178127042
166476125
182142791
155334959
165058791
155889042
179931959
168060833
169422000
177815916
170085792
171847000
168915333
181014084
158964084
175655959
160957541
180825125
169520333
178881958
164802750
187833834
188522500
175908625
178936167
174684250
187586166
167921458
177913375
165804333
173964917
172470917
177399791
169022750
177440292
186164541
165133667
164917792
150262084
164638708
163341958
179206500
172120083
183612209
162144875
298444041
279724375
202706042
180926250
170621917
162480750
146052291
157915584
156752916
215408959
173590291
184002166
172435791
183099250
183820708
178162625
181383584
158098208
155708416
190352458
179297792
173436417
181265541
161007917
173399792
174029583
191626792
185909000
163569125
135532042
145965750
134318875
145212416
139729375
148144333
156212916
142610625
169025417
179061291
175050291
169068500
69759625
69056084
68807708
74125459
69831167
85835875
75092709
78837584
69590000
74489417
76890125
81514625
77156041
75747666
75087375
111521250
73625750
72404625
81021334
92075458
96710208
98154958
86426334
71324459
73222625
72431917
72318916
75267459
73675083
71402375
69867000
73700333
65312417
58249459
58760500
53434041
57184292
58404750
67498834
59194666
61390583
65386375
66205166
62110709
62791959
57996917
76953417
75455500
70252667
78668458
79897042
90219125
86416250
159198417
159718083
141331917
135913042
152142792
142476375
145908458
145924000
143330834
155406083
137923750
145831417
141623959
143645084
127964584
136886709
129058583
131606458
126523334
137030500
124402542
135836209
130491750
144719042
139116250
138943917
129896792
133977583
132292167
138097125
127459291
137232667
141900083
150443250
202711292
156000625
155421958
145750875
154041750
145830875
152547083
144111708
152457750
149606458
151867458
150499083
149392417
147235958
149892916
145142458
146077167
142425375
160383375
194436834
152281375
147702250
154606542
139531375
146467250
146508625
140815792
135313416
145077458
187827584
205219958
291711292
218584959
170818083
152604208
158442292
147907166
154599917
148373792
178500959
162535000
168694542
172217417
165361208
182277125
162744792
177645458
164107542
164627167
171715041
156536084
162154125
151387500
158574792
176275875
158546458
349045292
199441292
196048125
161273667
164938667
147014250
147304541
145598916
157380209
146751000
155326750
145586417
169529541
156349917
155568083
122858917
127275417
115761875
122842250
128442583
115999042
118283708
152381500
167720333
156872000
186140500
178771083
174175750
172729541
172861333
184076583
158254500
150820583
163028125
171257416
144188625
163656041
145535791
179529333
158598708
143239542
165960792
141461875
164067459
164528833
160825583
171160541
164427709
161073292
170015750
169936000
168198667
164781875
190853958
190407250
160318792
173037584
160855583
165721333
132548416
134223792
120876083
133943375
108253750
125654500
122788292
127568709
146378000
140141209
8093958
