170736958
47164084
40951416
40943167
40519208
41080667
41384917
39192458
41025541
39391042
39887833
40281667
39695917
38985917
48589250
39027459
46883542
39032750
48629375
40234208
48905458
40062000
49384334
40174875
40924875
43320125
39439208
49204375
39790500
49236167
39687792
40433000
42357959
39032000
40520417
39474292
46226958
38863875
40016042
37586709
38636916
38696291
39076083
44475917
38270708
44909542
38924000
38410584
39787084
38594375
39507416
38269000
38484875
40432792
46832416
39446166
46286292
39116792
38010917
37869125
39539750
38602209
39607000
39302083
39536584
39642875
39168250
45920667
39169084
44326917
38809000
45263083
38482917
44854167
38097917
38929500
39444792
39813250
38604041
38977625
37638292
40483375
40622167
38997375
40367000
39285542
38904916
38573375
38946042
40749500
41168375
41350500
39560750
45184583
38251875
44595958
37199875
40500959
39415917
38873542
39985000
39404958
39184708
45270541
39190167
38425750
38744333
39702792
38592084
39964708
40491583
45239583
39130375
39046459
37231792
43720958
42805125
44224375
43120375
51012750
43690291
43773292
43318541
42140083
44751750
43373292
51359167
47972084
48710667
58314542
57377625
58942041
57203791
59505083
59996041
58668083
68103125
61670833
68955417
59464833
71610500
64381416
63901459
59028125
60302542
69259458
61449459
61783958
55041750
64254750
54476417
62435125
55395500
63798458
55775125
61497584
54703459
54447375
55629542
54896625
55667167
54863125
54503708
54681834
55136750
53742709
55335167
60727708
55205500
61097750
56007583
61067792
56065208
60167167
52141416
63031833
55275000
61506667
56194042
64709250
56035041
62150291
56302333
61370542
54457875
61676750
57252083
54183167
56215167
54558625
54959375
54478459
55111708
55125791
56005542
54651209
55312833
54472250
54967083
55434083
54942042
55050625
54406042
55245708
54445583
54769458
55624500
53707500
56391791
54256917
56027375
54592125
54493209
54685959
54749958
55810291
54623875
54696375
56178958
54409917
55582542
54221417
55263625
57198375
54810917
54943041
54367709
55241125
54097958
61855875
54860500
60270083
54700875
60585333
53495000
59857709
54728542
60272500
55023084
60744417
52835209
60649417
53681042
61947041
53848542
63183500
54064500
63698875
54254250
62104542
53741542
60808500
53838250
61857250
54258958
61743542
53493625
61801541
55235333
54440792
54161708
54376500
54095750
54737458
53492500
54176167
52837083
54457666
53571166
53304250
53162458
55212834
53251583
54161709
55696750
52743584
53324917
53614542
54254292
53315000
54294916
53844125
54041291
53244000
54813166
53823708
62847166
53213167
61340916
54012291
60597375
53901125
61602000
53810917
61788125
52599667
62513792
53689916
61458917
52898833
61279709
53853292
60598875
54798416
50517959
45769208
61159833
53937000
62434625
53523958
61503041
53550042
54233208
53610791
54098833
54637958
54297416
55100750
58484417
58427792
57328041
65981708
57899417
67173834
58845834
57548208
58327834
58494041
58416208
57642125
65790916
55918166
63753542
55674208
63093416
55762459
57019375
57965750
57268000
57845084
57292459
64133625
58029459
62542209
57079833
56624417
57079000
57516125
56286041
55978542
64498375
56744917
65349333
56052292
62192167
57120875
56697417
56188000
59792333
56545917
56399333
56216708
56481125
64348666
56209208
63110167
56921291
56908791
55348166
57025459
60010333
60980916
67228792
59474166
60155917
58548750
58633208
60456417
59424042
68238250
59447208
60356500
59492000
59071709
68717708
60139042
60547916
59517833
59383333
69704709
59273250
69654292
59336875
58578208
59405083
59086500
69615875
59463250
68276416
59730125
59913750
59799875
58949500
69941250
58935917
67990458
60491750
59822166
58902125
59191083
68918500
59319917
66627834
58275542
59659417
58938292
59406583
67850834
59841000
66240416
59189459
59334709
59317833
60243375
66957750
59221125
68583208
60666208
58357167
59610334
58800958
67892166
58876459
66746000
58030125
59437291
60037292
59339458
69258417
58386833
66645625
59259625
60586833
59185708
59238375
68654041
58463375
66528250
59327708
60349333
59533208
59285625
67622375
60798583
59158125
58886000
60498500
59355459
59084708
68776458
59019208
59056417
60293625
58929792
59522125
59055625
67671042
58626833
59317833
58739500
60684792
68827792
59839667
67262625
61086334
59199500
59282584
58230041
68266083
59027333
58619208
59728958
58968416
59068125
57858917
67505750
60415125
59634500
58350541
59826000
59700583
58592625
66884334
58903750
59244291
59983209
59850166
68890875
58939250
66801792
59495750
58768375
57766125
59287291
68491459
60908958
60937417
60427792
58889042
66204666
59398875
67135208
60121625
59300500
60337417
60086667
68002708
58992959
59339500
59932291
58505458
66739709
59963000
66566375
58866500
59159000
59274125
60043000
68136625
58610500
59350709
58740583
59144666
59171791
59245334
67370208
59063000
59686042
58989625
59833417
67060333
58952667
59987458
60256792
58922333
67520916
59945792
67216959
58734042
59662542
59064417
59031167
68394625
58739084
59789125
59451416
72563167
60083542
60207250
62298541
60013125
62612000
65586041
69662458
59847875
56649166
60550083
59155375
59980917
69353792
59162542
59266208
59648583
60153500
67381416
59102625
59400750
57117208
58994833
65601500
59408375
59448709
68592416
58848542
59343625
59756208
58840375
67877041
58738458
60920750
59269584
60530209
59895417
59693209
59496709
67878000
58760708
59257333
59264084
59445208
67740375
58882750
59119625
68686625
59813666
59723875
59112542
59625375
66500000
60211458
59180041
60120125
59794292
66989000
59779458
59387083
58947208
59001500
66045458
58993875
58966291
67475375
58504542
58859417
60076041
59394833
67822958
59331166
59726167
66002375
60561542
59781750
59492542
59881125
67406875
59596708
58432250
66118583
60651708
59853917
60263041
59174208
66046458
59603625
58960875
59094500
58657875
66927833
59113250
59134458
67717667
59084250
58813000
60170375
59236833
68874583
59633084
59775583
67871833
59490666
60006541
60084958
60226333
66326708
59922625
59375208
58934667
60884750
59650333
59203875
58207083
67571417
58863875
59277541
59284208
59525000
68831833
58770667
66551459
59038709
59043375
69003875
58627500
67081000
61255250
58531458
59837667
59571416
66270666
59028500
59128208
68562417
59181542
68212917
57943916
59229958
68086292
60366209
66225875
60170167
58694167
59634125
59899125
67401125
60249167
58977792
60164666
58669292
69016916
58787916
59419750
58326750
58576750
66327292
58424750
58774916
59117750
59318292
67494792
60824375
58449042
59746042
58926666
67738209
59772333
58931458
59454833
60300375
67746417
59561750
60864625
59054625
59168792
66638666
58745291
66218375
59592708
60159375
58677625
59499833
69767833
58546750
59696917
60241209
59271750
68549125
58463583
60398292
59276416
59883625
66893250
59487250
59835167
66312625
59155917
66196000
60109083
57963875
59876666
60082917
65488167
59054625
58885000
59321000
60994000
65913625
60202542
59980958
60391042
58812000
66581958
58407375
59820708
59239292
59832750
65914958
60479292
58900792
60232000
59564625
66923000
59009375
59977583
60030209
60439792
68390458
58318958
60602834
60038375
58514833
68084416
60415125
59768000
59418291
58541292
65995958
59280042
57331125
57550500
60570291
66236291
58982375
60237667
59148625
60221042
65322208
59710042
59905667
60030250
58345375
65500417
60714000
59110666
62291458
59687041
66623542
59181458
65450334
58692375
60381875
59905625
58994709
68772917
60458208
60808458
58779875
60040459
68486791
59605458
59675041
59398917
58664042
67478459
59944250
57729458
58678750
58949167
68554292
59519083
59163459
58750208
58944958
65982625
58924292
58619542
58724958
60182958
65238125
61058000
60412000
58973333
60479875
65952000
59867750
58810500
58244500
58825375
66394500
59642959
59151209
59059291
59411041
65844208
58428833
59103459
58198250
59611583
67262333
58771458
60033292
59755083
58028791
66381125
58771000
58889625
60186709
59338750
67054334
58840708
59991333
59364667
58645000
66149416
59643125
59510791
59179333
59534000
66517709
58060500
59207416
59142500
58255125
65773791
58629250
60308458
58661625
58954250
65656666
59271334
61240292
59218000
60031250
66077459
58482000
60678834
59371333
60293416
66873917
59624042
60735625
59816250
60255000
67732709
60344542
59627750
58969791
59773458
66858708
58382166
60017584
60336125
59066917
67868917
59612792
60450916
59986500
59252792
68467417
60015125
57597792
60056333
59266625
67285959
58765708
61349459
60179042
59793541
67142084
60474875
58764958
59529250
59564917
67854209
57990667
59099458
66187709
59473542
66918750
58468000
59036834
66740083
60021542
60364833
58804500
58730750
66476708
60025208
62081666
59298959
60072750
67025000
59716459
60187709
59915917
59713292
64704459
59294833
59022875
59536667
60538708
66101333
59557166
58734042
60054708
59648291
65718292
60109041
58840291
58822750
59349750
67256458
59101584
59963542
59771584
59948084
67156750
59436917
60315083
59211125
58226125
66362208
59827625
59628459
58547083
59787708
66415750
59187333
58917250
58604500
60503875
66936917
58901833
60341709
59564000
59632917
66267875
60084125
60627834
59283250
60384917
67641084
59962625
58888709
60140250
58874208
67034541
60449208
60531417
59943750
60989333
61559292
60992875
60068917
68852875
60862417
60134708
60540500
60933625
60775708
60513458
60127584
68705834
59545417
60243500
60700375
60544083
67343667
60032917
60098792
67969958
60801708
62691959
59805375
57180709
64469083
61063750
62223833
59913167
60054458
68642833
61703708
60888833
68009459
60717209
60360042
63447042
62818959
62762625
68936250
67895542
62335500
60875209
62058583
63620041
62178583
62036250
62381875
63721333
63295042
67249958
61063292
62742125
61291958
64207000
60438125
67293250
61153333
59377041
68604583
60582208
60391125
59987875
59701000
68650667
59565750
61217000
67486792
60606667
60929375
60004959
60720125
69181458
60968292
61264333
68435000
60950041
60435542
60889667
60773208
68761917
60131750
60004458
66644125
60540000
59522875
60583167
60243750
67425209
61464875
60672917
60837208
61483166
62584083
60255542
60822708
68960875
60495666
60615708
60744709
61660167
60881708
59915500
59934334
68715250
60658334
60500167
60961583
60980125
62698500
60636042
60718292
68309542
60271667
60272250
59900417
61765000
60771708
60720916
60022208
67715834
60993292
60992500
60603167
60466625
60313167
60066667
60896791
68118292
60269917
60330375
69329125
60550209
60860250
60505416
60836458
68049833
60706500
61032000
67844333
60616667
60990833
60727209
61282291
67431666
60542917
60502959
67797250
61481709
60402458
60540750
59703584
69416333
60252875
59974583
67744875
60958292
59489833
59683459
60189875
69338584
60672792
60603959
67013250
60495750
60605792
60831792
60232000
68663209
60742875
60301958
67325834
60885167
59811208
60869750
60762750
68316250
60596917
61165125
68711750
60357125
59941334
61094541
60794375
67727583
60037834
60640584
66610333
60131125
59765917
59640500
60401625
67807792
60025166
60549250
67651709
61240333
59754833
61207625
60685000
67549833
60544833
60343584
67194917
61746541
60882166
60711375
61324333
66583875
60491917
59512084
67758208
61562542
59435084
60487625
61251667
67562375
60806542
60521417
67417250
60657875
60411333
60525750
60525500
68541916
60474333
60947917
67098000
60001209
60178167
60484000
60550125
66966167
59887417
60880417
67527875
60954458
61609083
60977917
60289625
67421834
60728209
60545625
67170042
59796625
60182250
60505250
59879167
68899459
60594041
60696209
66442958
59929209
61160584
61396000
60533667
67984500
59704875
60006125
65977166
61055250
60232250
60510625
60034375
67917083
59838750
60301083
66645292
60567500
60681750
59963375
61674917
67764291
60778167
60264958
67212167
61031583
59808208
61115583
60945750
63330500
60918791
60440750
66628375
60820375
61329625
61016042
61406458
62160125
60623041
61783791
67866792
61007958
59923250
67534500
61522334
59620208
60834500
60643375
66953041
60697375
60419458
67758125
62248458
60904375
60623208
60755000
67640292
61151083
59961917
66427584
60392625
60802833
59269000
60924042
67399042
60261917
60127000
67836875
60512750
60305375
60575208
59241500
66297250
59770792
60584709
67364792
59361167
59634666
60780458
59600541
60306542
59970416
60579291
67526625
60818167
59969292
60774250
61107750
60605583
60676417
59997167
67753250
60043375
59725125
61237084
60818500
59459750
60833959
59936375
65547625
60225250
60394625
60101708
59960833
59884458
59680042
59938250
65978833
60643500
60139750
60415708
59534750
64798333
59805083
59725375
66918125
61162833
59755167
60175666
59809375
66488708
60656167
59911250
66065709
59849792
60708375
60076875
60428959
59648667
60176334
59870667
68090750
63534666
60858917
60421250
67432792
60176542
59693625
60191167
60386916
65473292
60891625
60882208
67891625
60145500
60701583
60091167
60603041
66105917
59737917
60252583
67222792
61229542
59574500
59795375
60988125
60433625
61109833
61072042
66882583
60584708
61255458
68135334
59828334
60220292
60718042
60441666
65694834
59544459
60661875
68931167
61341625
61129667
60852042
61111584
65534042
60201083
60585292
65780208
60285042
55190709
54107750
55276083
61992958
53438958
53315125
54091416
55237708
66481166
59592917
59822667
68299166
59650333
59843583
59783791
65398292
68296792
62424041
62972833
60746917
62737250
62735250
63644375
71866625
63996500
63065959
70772708
63105542
63497667
67935208
60966125
59946000
65220417
56504917
59002667
64944584
58005542
59144250
58471500
58202292
59087000
55217416
52865333
58915417
54301583
57588333
57327042
57398500
65159833
58923458
57538958
64928125
58589083
59020667
65401333
59003291
59977709
69105709
58802875
59409833
57834125
58519542
58857667
66437417
59389584
61700500
68286959
61101709
61706542
68992042
60716541
55712250
61301000
55583959
56183000
56927459
56380333
55372125
56515958
56307000
62260958
56799500
56763791
56380792
55715084
55669375
58413125
56069333
67711416
64693417
63169667
68181541
54604958
54705041
62577958
55577959
55023833
63660417
54431042
55201042
67688375
65714959
62665667
61924167
71783708
66426875
67157542
66737375
72745875
65985084
63406416
59584958
58853834
55380708
39906791
42017416
40497083
38778000
40278208
40623667
39953375
40291750
41019708
40147750
41667584
40495125
41072000
41756000
41851584
40345792
39596459
41426500
40089042
46700041
40674750
40572792
41751667
48951375
41957625
39343125
38764916
41874334
42053166
40842750
46430041
39825250
40926250
41246958
41110958
42072584
41975375
42175750
41847875
41108833
39903875
41169375
42057291
46968042
38939958
47472333
68314500
61909292
61523167
61428042
71747583
73645000
62893500
65606958
61055834
59715583
60349750
66909292
61849459
63733667
61024750
60943167
60614667
59881416
59354958
60119917
60896750
66437708
58895792
60152750
65847583
60574959
58898916
66553875
60933959
59964833
66798084
60179625
59997250
60069542
60902542
60470875
60260083
61930125
61863333
69333334
61139750
61594958
67865541
61797959
60599000
68018125
60703875
63451792
63956291
63882792
63393041
63030083
69738750
61884125
61012500
67837542
61591417
62872416
70667792
63091917
61441667
70555167
64091500
62777000
62538583
69661375
62898375
63727375
69060584
60918459
59510542
66667875
58528000
61609083
69943834
62596334
62334333
71145667
60152000
61406208
67925042
59643542
60984667
66960583
59149000
59329958
61079083
61938625
62048708
61056708
61052708
60790334
59791917
66549417
60300000
58478209
68150666
59710292
60494666
66524500
59226375
59277375
65131292
58422375
58867041
54016708
41333750
41472833
40550792
42900208
40450208
41620875
41447667
42120542
41358833
40129958
47069167
40187375
67151125
63394500
57127375
57807917
51521500
51848958
51728250
51877708
65042833
65841166
63957375
70621750
63716708
64129083
60835792
59378625
57428750
56952791
56945291
56458375
56092375
56848333
56392167
57380250
58194958
59713750
59086333
62888375
58740125
60514584
66201083
50337750
50024750
50296125
59630583
68721875
71764917
64696625
64232875
64641875
66647917
58610458
57382083
64720542
58538292
58912917
66896667
59090125
60356500
65439833
60156125
60557792
66933875
60324458
61330917
45504417
41729083
44008500
67079125
59532584
59410959
65575125
59827417
55060416
58683208
53373875
53346500
59956208
53708000
55082792
57026833
57095583
54961292
57029833
58418042
69568166
63394750
65447833
64598875
69893125
65185167
68192333
68849083
50648625
50608458
50495250
55676042
48240709
53874125
69044000
60745625
61295583
69207000
56306458
50743375
59055917
50395792
51124417
49485584
50224459
59328250
51139625
50591875
49496500
49996583
57566333
52596916
67322375
74250750
67445792
68127667
57857542
53705750
54409666
63544084
53567708
59193208
72974333
66446500
66828750
68166666
67797000
64677958
64167667
71928708
65906791
64174833
67595500
70726875
60284291
60020167
67684042
64557917
64408917
65312917
64022750
63510625
64480209
70753583
61921833
61252333
70739959
63278458
61935791
68773333
63961166
62570833
62889750
63333416
65463666
63409667
71316416
62856500
63662750
60956959
62873416
61562916
61232125
61662084
61075834
57078041
45048208
46644000
55813083
46726584
54419417
46314500
46848375
46413000
56073667
67059417
60523375
64229083
70632125
62684208
64364958
63923250
71059083
63005792
63864458
62719875
61996250
62434667
64622167
72549834
65021458
64154917
57942917
60763792
55025291
54079000
74644833
68383417
65609167
65615875
65467000
56623041
55170834
64468584
65366125
63393250
67488291
67907875
66696792
72575916
65739041
63871042
64643541
69557500
63500791
59718458
64153667
58360792
56388625
65385834
57610875
57909917
60228791
62402375
62885958
62201208
68498958
63057125
55238584
61424708
55785209
54098625
62343167
55796833
61910042
69369167
62427458
61830959
62422083
69693917
68081667
67587333
72742084
62008750
54980708
60569666
54545250
54533000
55045500
53475292
64120542
54557000
62103250
63346292
56757250
48261083
48547000
48335042
50871625
62347708
62750291
62223083
70933333
61286042
71000875
70424000
63541458
56302750
51223250
58054375
59323500
62693916
63610291
65707625
71999792
65212292
65340667
66086750
66349541
72773167
62245333
59822917
55322458
56198958
56966584
55950583
60317041
62753500
71127667
63445958
63803875
63069208
63726708
70713125
63195375
61342750
51549083
51948167
52954167
52062250
54216042
63791542
64873667
63131458
62292458
62432417
68678042
58775375
58032625
58633000
56986000
57086916
58802250
66879833
65651417
66257333
65915209
72889792
60597834
57668500
55226417
54872666
56323584
56580416
55270083
55539042
56187792
56849083
56431250
56927583
63593666
56222792
63827375
57946500
59161125
58382500
57278500
55472250
53794875
54846667
62040209
61861791
61270541
69714000
61384167
59453875
56678333
52046167
52712917
53808125
53022458
59336917
61804167
62048542
61540792
63630500
47236625
54993958
47404375
56732000
59501750
67553250
59370084
60122958
57603833
48258042
48271000
48485708
48971916
48909291
45164958
41080875
41924208
40404833
53950500
55367375
53239792
53829250
52753583
54505625
53845208
52246583
54300083
58333334
53318916
57374375
53203250
60100083
53576834
58528833
53388958
58148875
53084375
58437291
54234375
59574166
53899458
61062417
54673625
60634500
52313000
58570417
54560000
60007125
53270167
54078417
52615166
54327834
54179958
53265375
54372417
52840542
53354041
54017125
52260166
51132959
51657958
51326542
52939417
52092375
59595250
69334209
60813167
62351125
60716375
55409791
55558542
56573791
55543167
56410666
65204625
55938250
56016917
55386292
55621417
54533584
55053792
55310625
54726792
54850833
56216792
64877459
54963917
56601042
56468250
55766875
54785125
56516750
56489167
51995542
52750666
47002666
44778375
45742375
45687292
48710167
65721583
57253250
66464625
59442959
58077583
57351541
53303625
38505125
37983292
37865833
41082458
54530500
55935791
55299917
55752333
64533375
52723166
53832458
55133334
56592792
51561666
44996750
44011458
44696042
59641375
59693542
69681333
54341625
53753375
48062041
47353458
47045292
50856459
52176792
40555833
40782084
39539917
39517833
40823417
49154292
40452666
41203875
39988709
33464958
21607458
32135625
21224625
22270667
22655209
44514083
67121375
59052250
61291000
59001584
60480000
53654375
30755542
30576750
39505416
29531000
30762917
30426167
31038042
30462750
30603542
30075042
32615208
32577750
32380167
31678292
32497209
46414583
32793250
31730916
42967750
35325917
35717916
35509125
33458792
29056000
37958416
30164791
30276333
29801708
29338125
28502250
29713208
37071834
28060584
27976417
27420042
25754167
26966958
26876292
27617792
28491250
29377875
29580750
29434708
29125208
29281125
28945750
30078625
30860709
32162750
30019250
31684000
31984000
38267208
44611750
47644083
44645166
41964458
55105583
58266083
57737458
58255208
60053541
58578750
59913250
59988834
59641958
59376292
60478834
66581667
59304709
66384208
58261875
64698041
58434000
66298625
58342458
64830333
58101125
63143042
54924333
61975666
55075750
61218125
55099834
59836375
56795041
60827542
58169250
57823084
56926833
58383458
66332875
56922291
64590000
51513292
58158958
51292208
55681083
52223875
55961959
51234834
57506708
50679791
56997583
50377750
50244667
52721375
51090709
50254041
56406375
50183792
57230666
50673042
55988584
51634125
57239291
50273250
57855667
48763458
52972792
52312125
51845167
51329667
50854209
50366000
52013334
59648208
60570791
67109209
59503208
60233833
60335750
58765416
66929875
58759333
61249958
59872625
59064333
65810833
58385416
58192458
61010792
60035792
67953834
58170708
57661084
56482292
54440792
55603959
47436333
56989542
61270042
55074792
55215459
48615333
56983375
57769250
50686125
29341958
36776000
28988500
28548584
26483459
28443917
29847333
52140208
55657292
51242333
49913208
57384167
56355542
53332083
57244708
59405958
53000417
45310667
56633208
58361708
51921375
60532167
52536042
55123667
49936000
53703750
56351750
56204459
64435208
63161875
59710000
57207333
55787417
56802125
61130167
66300333
62645084
63154625
68783250
55966667
57665125
56114084
60926750
67492750
41277833
47967125
45075750
46296500
51517917
51484167
44605625
50339500
48852875
47851708
1704167
